5
0 ../Mosaics/Piscine/piscine1.gif 765x509
1 ../Mosaics/Piscine/piscine2.gif 765x509
2 ../Mosaics/Piscine/piscine3.gif 765x509
3 ../Mosaics/Piscine/piscine4.gif 765x509
4 ../Mosaics/Piscine/piscine5.gif 765x509
0 90.1128 180.184 1 136.128 425.598
0 115.038 97.7406 1 168.722 345.071
0 151.466 184.019 1 193.647 427.515
0 161.053 90.0714 1 214.737 331.65
0 166.805 116.914 1 214.737 362.327
0 172.556 220.447 1 216.654 471.613
0 184.06 249.207 1 228.158 498.455
0 199.398 220.447 1 239.662 465.861
0 205.15 103.492 1 251.165 350.823
1 136.128 425.598 0 90.1128 180.184
1 168.722 345.071 0 115.038 97.7406
1 193.647 427.515 0 151.466 184.019
1 214.737 331.65 0 161.053 90.0714
1 214.737 362.327 0 166.805 116.914
1 216.654 471.613 0 172.556 220.447
1 228.158 498.455 0 184.06 249.207
1 239.662 465.861 0 199.398 220.447
1 251.165 350.823 0 205.15 103.492
1 519.586 195.523 2 124.624 230.034
1 544.511 147.59 2 151.466 176.35
1 550.263 128.417 2 151.466 162.929
1 592.444 141.838 2 197.481 178.267
1 594.361 124.583 2 197.481 159.094
1 615.451 197.44 2 220.489 228.117
1 628.872 118.831 2 230.075 151.425
1 628.872 226.199 2 237.744 262.628
1 634.624 396.838 2 255 416.011
1 644.211 377.665 2 260.752 400.673
1 699.812 199.357 2 295.263 230.034
1 699.812 226.199 2 297.18 254.959
1 701.729 114.996 2 291.429 149.508
2 124.624 230.034 1 519.586 195.523
2 151.466 162.929 1 550.263 128.417
2 151.466 176.35 1 544.511 147.59
2 197.481 159.094 1 594.361 124.583
2 197.481 178.267 1 592.444 141.838
2 220.489 228.117 1 615.451 197.44
2 230.075 151.425 1 628.872 118.831
2 237.744 262.628 1 628.872 226.199
2 255 416.011 1 634.624 396.838
2 260.752 400.673 1 644.211 377.665
2 291.429 149.508 1 701.729 114.996
2 295.263 230.034 1 699.812 199.357
2 297.18 254.959 1 699.812 226.199
2 417.97 90.0714 3 23.0075 139.921
2 437.143 24.8834 3 40.2632 72.8158
2 452.481 429.432 3 63.2707 496.538
2 458.233 130.335 3 65.188 184.019
2 460.15 276.049 3 70.9398 333.568
2 473.571 134.169 3 86.2782 184.019
2 477.406 274.132 3 86.2782 333.568
2 494.662 109.244 3 105.451 162.929
2 500.414 24.8834 3 105.451 82.4022
2 609.699 105.41 3 214.737 162.929
2 611.617 314.395 3 222.406 362.327
2 626.955 99.6579 3 235.827 162.929
2 630.789 314.395 3 241.579 360.41
3 23.0075 139.921 2 417.97 90.0714
3 40.2632 72.8158 2 437.143 24.8834
3 63.2707 496.538 2 452.481 429.432
3 65.188 184.019 2 458.233 130.335
3 70.9398 333.568 2 460.15 276.049
3 86.2782 184.019 2 473.571 134.169
3 86.2782 333.568 2 477.406 274.132
3 105.451 82.4022 2 500.414 24.8834
3 105.451 162.929 2 494.662 109.244
3 214.737 162.929 2 609.699 105.41
3 222.406 362.327 2 611.617 314.395
3 235.827 162.929 2 626.955 99.6579
3 241.579 360.41 2 630.789 314.395
3 339.361 247.289 4 24.9248 245.372
3 442.895 3.7932 4 145.714 5.71048
3 442.895 86.2368 4 147.632 78.5676
3 444.812 184.019 4 149.549 176.35
3 446.729 155.259 4 153.383 159.094
3 471.654 159.094 4 176.391 157.177
3 471.654 356.575 4 180.226 364.244
3 488.91 184.019 4 193.647 182.102
3 500.414 346.989 4 205.15 350.823
3 542.594 184.019 4 249.248 191.688
3 544.511 297.139 4 251.165 302.891
3 567.519 302.891 4 272.256 300.974
3 703.647 322.064 4 391.128 320.147
3 730.489 322.064 4 414.135 323.981
4 24.9248 245.372 3 339.361 247.289
4 145.714 5.71048 3 442.895 3.7932
4 147.632 78.5676 3 442.895 86.2368
4 149.549 176.35 3 444.812 184.019
4 153.383 159.094 3 446.729 155.259
4 176.391 157.177 3 471.654 159.094
4 180.226 364.244 3 471.654 356.575
4 193.647 182.102 3 488.91 184.019
4 205.15 350.823 3 500.414 346.989
4 249.248 191.688 3 542.594 184.019
4 251.165 302.891 3 544.511 297.139
4 272.256 300.974 3 567.519 302.891
4 391.128 320.147 3 703.647 322.064
4 414.135 323.981 3 730.489 322.064
